624.033	0.6055	809.233	0.6003	781.25	0.6016	301.6	0.6026	396.567	0.6036	402.933	0.6038	566.95	0.6006	758.65	0.6006	804.75	0.6	355.567	0.6079	438.65	0.6023	449.75	0.6031
625.033	0.6064	810.233	0.5966	782.25	0.6032	302.6	0.6103	397.567	0.6147	403.933	0.6105	567.967	0.604	759.65	0.5999	805.767	0.6037	356.567	0.6124	439.65	0.607	450.75	0.6122
626.033	0.6093	811.233	0.5975	783.25	0.6005	303.6	0.6158	398.567	0.616	404.933	0.6159	568.967	0.6052	760.667	0.6082	806.767	0.6054	357.567	0.6204	440.65	0.6159	451.75	0.6091
627.033	0.6102	812.233	0.5943	784.25	0.6044	304.6	0.6205	399.567	0.6207	405.933	0.6226	569.967	0.6149	761.667	0.6124	807.767	0.6066	358.567	0.6218	441.65	0.6207	452.75	0.6164
628.033	0.6111	813.233	0.6112	785.267	0.606	305.6	0.6275	400.567	0.6316	406.95	0.6356	570.967	0.6161	762.667	0.6133	808.767	0.6064	359.567	0.6244	442.65	0.6207	453.767	0.6225
629.033	0.6203	814.233	0.6001	786.267	0.6054	306.6	0.63	401.583	0.6392	407.95	0.6374	571.983	0.62	763.667	0.6128	809.767	0.608	360.567	0.6273	443.65	0.6249	454.767	0.6245
630.033	0.6263	815.25	0.6133	787.267	0.6178	307.617	0.6396	402.583	0.641	408.95	0.6404	572.983	0.6226	764.667	0.6156	810.767	0.6189	361.567	0.6361	444.65	0.6301	455.767	0.6319
631.033	0.6281	816.25	0.6071	788.267	0.6139	308.617	0.6389	403.583	0.6505	409.95	0.6494	573.983	0.6289	765.667	0.6148	811.767	0.6219	362.567	0.6385	445.667	0.6382	456.767	0.6369
632.033	0.6251	817.25	0.6152	789.267	0.6193	309.617	0.6479	404.583	0.6572	410.95	0.6567	574.983	0.6243	766.667	0.6217	812.767	0.6175	363.583	0.6447	446.667	0.6412	457.767	0.6421
633.05	0.629	818.25	0.6142	790.267	0.6237	310.617	0.6528	405.583	0.6615	411.967	0.6684	575.983	0.6291	767.667	0.6232	813.767	0.6222	364.583	0.6495	447.667	0.6425	458.767	0.6437
634.05	0.6297	819.25	0.6173	791.267	0.6185	311.617	0.6624	406.583	0.6661	412.967	0.6723	576.983	0.6357	768.667	0.6264	814.767	0.6245	365.583	0.6518	448.667	0.6532	459.767	0.6491
635.05	0.6409	820.267	0.619	792.267	0.6256	312.617	0.6643	407.583	0.6754	413.967	0.679	577.983	0.6393	769.667	0.6289	815.783	0.6276	366.583	0.655	449.683	0.656	460.767	0.6557
636.05	0.6378	821.267	0.6175	793.267	0.626	313.617	0.6726	408.583	0.682	414.967	0.6848	578.983	0.6381	770.667	0.6288	816.783	0.6269	367.6	0.6629	450.683	0.6642	461.767	0.6586
637.05	0.6508	822.267	0.624	794.267	0.6362	314.617	0.6789	409.583	0.6942	415.967	0.6974	579.983	0.6436	771.683	0.6358	817.783	0.6321	368.6	0.6667	451.683	0.6678	462.767	0.6658
638.05	0.6501	823.267	0.6279	795.267	0.6314	315.617	0.6791	410.583	0.6988	416.967	0.701	580.983	0.6469	772.683	0.6326	818.8	0.6328	369.6	0.6743	452.683	0.6707	463.767	0.6688
639.067	0.6534	824.267	0.6283	796.267	0.6309	316.617	0.6836	411.583	0.6991	417.967	0.7088	581.983	0.6486	773.7	0.6387	819.8	0.6377	370.6	0.6779	453.683	0.6767	464.767	0.6754
640.067	0.6521	825.267	0.6393	797.267	0.6391	317.633	0.6911	412.6	0.7077	418.967	0.7091	583	0.6559	774.7	0.6414	820.8	0.6417	371.6	0.6812	454.683	0.6778	465.767	0.6827
641.067	0.656	826.267	0.6361	798.283	0.6401	318.633	0.6937	413.6	0.7113	419.967	0.7184	584	0.6548	775.7	0.6413	821.8	0.6442	372.6	0.688	455.683	0.6882	466.783	0.6845
642.067	0.6638	827.267	0.6379	799.283	0.6435	319.633	0.7033	414.6	0.7201	420.983	0.7207	585	0.653	776.7	0.6409	822.817	0.642	373.6	0.6933	456.683	0.6938	467.783	0.6917
643.067	0.6662	828.267	0.6373	800.283	0.6445	320.633	0.711	415.6	0.7258	421.983	0.7382	586	0.663	777.7	0.6443	823.817	0.646	374.6	0.6971	457.683	0.7002	468.783	0.6944
644.067	0.6649	829.267	0.6449	801.283	0.6477	321.633	0.7177	416.6	0.735	422.983	0.7436	587	0.6667	778.7	0.6452	824.817	0.6422	375.6	0.7002	458.683	0.7034	469.783	0.7011
645.067	0.6717	830.267	0.6478	802.3	0.6523	322.633	0.7217	417.6	0.7434	423.983	0.7437	588	0.6681	779.7	0.6497	825.833	0.6454	376.6	0.7112	459.683	0.7101	470.783	0.7054
646.067	0.6712	831.267	0.6498	803.3	0.6545	323.633	0.7285	418.6	0.749	424.983	0.7518	589	0.6722	780.7	0.6519	826.833	0.6516	377.6	0.7142	460.683	0.7092	471.783	0.715
647.067	0.6737	832.283	0.6526	804.3	0.6572	324.633	0.73	419.6	0.7533	425.983	0.7606	590	0.6765	781.7	0.6632	827.833	0.6522	378.6	0.7161	461.7	0.7203	472.783	0.7116
648.067	0.6799	833.283	0.6488	805.3	0.6612	325.633	0.7377	420.6	0.7567	426.983	0.7719	591	0.6772	782.7	0.6593	828.833	0.6572	379.617	0.7252	462.7	0.7221	473.783	0.72
649.067	0.6831	834.283	0.6521	806.3	0.6565	326.633	0.7433	421.6	0.767	427.983	0.7778	592	0.6829	783.717	0.6568	829.85	0.6587	380.617	0.7283	463.7	0.7336	474.783	0.7204
650.083	0.68	835.283	0.6594	807.3	0.6669	327.633	0.7521	422.617	0.7734	428.983	0.7874	593	0.6871	784.717	0.663	830.85	0.6639	381.617	0.7406	464.7	0.7391	475.783	0.7276
651.083	0.689	836.283	0.6617	808.3	0.6642	328.633	0.7592	423.617	0.7829	430	0.7873	594.017	0.6845	785.717	0.6668	831.85	0.6616	382.617	0.7399	465.7	0.7403	476.783	0.7377
652.083	0.7002	837.283	0.6597	809.3	0.6686	329.633	0.7672	424.617	0.7893	431	0.7968	595.017	0.6898	786.717	0.6647	832.85	0.6617	383.617	0.7428	466.7	0.7468	477.783	0.7435
653.083	0.7016	838.283	0.6689	810.3	0.6756	330.65	0.7721	425.617	0.7942	432	0.8044	596.017	0.696	787.717	0.6711	833.85	0.6705	384.617	0.7498	467.717	0.7504	478.783	0.7435
654.083	0.7	839.283	0.6676	811.3	0.6771	331.65	0.7774	426.617	0.804			597.017	0.6978	788.717	0.6713	834.867	0.6765	385.617	0.7574	468.717	0.7587	479.8	0.7523
655.083	0.6993	840.283	0.6729	812.3	0.676	332.65	0.7878					598.017	0.6993	789.717	0.6782	835.867	0.6816	386.617	0.761	469.717	0.7621	480.8	0.7537
656.083	0.7075	841.283	0.6726	813.3	0.6827	333.65	0.7905					599.017	0.7062	790.717	0.6735	836.867	0.6769	387.617	0.7638	470.717	0.7708	481.8	0.7598
657.083	0.7094	842.283	0.6758	814.317	0.682	334.65	0.7992					600.017	0.7064	791.717	0.678	837.867	0.6765	388.617	0.7675	471.717	0.7739	482.8	0.7641
658.083	0.7126	843.283	0.6765	815.317	0.6875	335.65	0.8033					601.017	0.7086	792.717	0.6894	838.867	0.6819	389.617	0.7761	472.717	0.778	483.8	0.7717
659.083	0.7177	844.3	0.683	816.317	0.6843							602.017	0.711	793.733	0.6899	839.867	0.6849	390.617	0.7784	473.717	0.7859	484.8	0.7782
660.083	0.7177	845.3	0.6792	817.317	0.6926							603.017	0.714	794.733	0.6885	840.883	0.6861	391.633	0.7835	474.717	0.7929	485.8	0.7838
661.1	0.7202	846.3	0.6919	818.317	0.6973							604.017	0.7202	795.733	0.6841	841.883	0.6943	392.633	0.7943	475.717	0.7998	486.8	0.789
662.1	0.727	847.3	0.6884	819.317	0.6903							605.017	0.7252	796.733	0.6902	842.9	0.6923	393.633	0.7984	476.717	0.8033	487.8	0.7907
663.1	0.7278	848.3	0.6948	820.317	0.7002							606.033	0.7242	797.733	0.6925	843.9	0.6963	394.633	0.8035			488.8	0.7968
664.1	0.7322	849.3	0.6947	821.317	0.705							607.033	0.7299	798.733	0.6994	844.9	0.6957					489.8	0.7995
665.1	0.7402	850.3	0.6974	822.317	0.7018							608.033	0.7298	799.733	0.6986	845.917	0.6996						
666.1	0.7447	851.3	0.6956	823.317	0.7085							609.033	0.7349	800.733	0.7	846.917	0.6969						
667.1	0.7391	852.3	0.7057	824.317	0.7064							610.033	0.7403	801.733	0.7019	847.917	0.7053						
668.1	0.7519	853.3	0.704	825.317	0.7068							611.033	0.7466	802.733	0.706	848.917	0.7059						
669.1	0.7528	854.3	0.7045	826.333	0.718							612.033	0.7483	803.75	0.7061	849.917	0.7014						
670.1	0.7551	855.3	0.7118	827.333	0.7196							613.033	0.7498	804.75	0.7055	850.933	0.7061						
671.1	0.7611	856.3	0.7177	828.333	0.7237							614.033	0.7498	805.75	0.7176	851.933	0.7131						
672.1	0.7651	857.317	0.7158	829.333	0.7232							615.033	0.7578	806.75	0.7179	852.933	0.7173						
673.117	0.7635	858.317	0.7177	830.333	0.7271							616.033	0.7638	807.75	0.7172	853.933	0.7183						
674.117	0.7702	859.317	0.7207	831.333	0.7286							617.033	0.7653	808.75	0.7157	854.933	0.718						
675.117	0.773	860.317	0.7203	832.333	0.7308							618.05	0.7681	809.75	0.7212	855.933	0.7218						
676.117	0.7736	861.317	0.7288	833.333	0.739							619.05	0.7742	810.75	0.724	856.95	0.7209						
677.117	0.7771	862.317	0.7324	834.333	0.7391							620.05	0.7751	811.75	0.727	857.95	0.7253						
678.117	0.782	863.317	0.7321	835.333	0.7405							621.05	0.7746	812.75	0.7304	858.95	0.7288						
679.117	0.7819	864.317	0.738	836.333	0.7395							622.05	0.783	813.75	0.7255	859.95	0.7289						
680.117	0.7892	865.317	0.7378	837.333	0.7471							623.05	0.7893	814.767	0.7388	860.95	0.7333						
681.117	0.7901	866.317	0.7365	838.333	0.7449							624.05	0.793	815.767	0.736	861.967	0.7411						
682.117	0.7969	867.317	0.7466	839.35	0.7486							625.05	0.7922	816.767	0.7408	862.967	0.7421						
683.117	0.7987	868.317	0.7399	840.35	0.7526							626.05	0.7981	817.767	0.7354	863.967	0.7332						
684.133	0.8041	869.333	0.7473	841.35	0.7494							627.05	0.8002	818.767	0.7426	864.967	0.7386						
		870.333	0.7546	842.35	0.7558									819.767	0.7457	865.967	0.7437						
		871.333	0.75	843.35	0.76									820.767	0.7514	866.967	0.746						
		872.333	0.7525	844.35	0.759									821.767	0.7493	867.967	0.7506						
		873.333	0.7564	845.35	0.765									822.783	0.7539	868.967	0.7495						
		874.333	0.7622	846.35	0.7597									823.783	0.751	869.967	0.752						
		875.333	0.7691	847.35	0.7666									824.783	0.7556	870.967	0.7586						
		876.333	0.7681	848.35	0.7743									825.783	0.7543	871.967	0.7568						
		877.333	0.7707	849.35	0.7762									826.783	0.7607	872.983	0.7622						
		878.333	0.7736	850.35	0.7755									827.8	0.7544	873.983	0.7637						
		879.333	0.7728	851.35	0.7714									828.8	0.7632	874.983	0.7646						
		880.333	0.7772	852.367	0.7828									829.8	0.7677	875.983	0.7711						
		881.35	0.7806	853.367	0.7769									830.8	0.7641	876.983	0.7668						
		882.35	0.7774	854.367	0.783									831.8	0.7713	877.983	0.7728						
		883.35	0.7801	855.367	0.7847									832.8	0.7687	878.983	0.7701						
		884.35	0.782	856.367	0.786									833.8	0.7731	879.983	0.7775						
		885.35	0.7875	857.367	0.7891									834.8	0.7703	880.983	0.7823						
		886.35	0.7941	858.367	0.7964									835.8	0.771	882	0.7766						
		887.35	0.7972	859.367	0.793									836.8	0.7802	883	0.7863						
		888.35	0.7968	860.367	0.7921									837.817	0.7804	884	0.7858						
		889.35	0.8013	861.367	0.7932									838.817	0.7829	885	0.7852						
				862.367	0.8045									839.817	0.7841	886	0.793						
														840.817	0.7866	887	0.7895						
														841.817	0.7928	888	0.788						
														842.817	0.7973	889	0.797						
														843.817	0.7937	890	0.7913						
														844.817	0.786	891	0.8044						
														845.817	0.7916								
														846.833	0.7988								
														847.833	0.7985								
														848.833	0.7983								
														849.833	0.8054								