T0	OD0	T1	OD1	T2	OD2	T3	OD3	T4	OD4	T5	OD5	T6	OD6	T7	OD7	T8	OD8	T9	OD9	T10	OD10	T11	OD11	T12	OD12	T13	OD13	T14	OD14	T15	OD15	T16	OD16	T17	OD17	T18	OD18	T19	OD19	T20	OD20	T21	OD21	T22	OD22	T23	OD23	T24	OD24	T25	OD25	T26	OD26
13.3833	0.651	790.967	0.6006	1499.68	0.6023	2224.73	0.6018	2945.43	0.6002	3683.28	0.6044	4379.65	0.6064	5096.55	0.6045	5827.48	0.6018	6534.47	0.6015	7267.68	0.6008	7977.53	0.6035	8694.5	0.6024	9423.93	0.6085	10141.6	0.6074	10866.4	0.6044	11587.1	0.6017	12287.5	0.6029	13021.7	0.6061	13739.4	0.6026	14449.5	0.6003	15176.2	0.6016	15903.4	0.6073	16622.5	0.6056	17336.8	0.6009	18059.4	0.6	18778	0.6032
13.8833	0.6523	791.467	0.606	1500.18	0.605	2225.23	0.6114	2945.95	0.6015	3683.8	0.6044	4380.15	0.612	5097.05	0.6094	5828	0.6021	6534.97	0.6066	7268.18	0.606	7978.03	0.6119	8695	0.6039	9424.43	0.6088	10142.1	0.6086	10866.9	0.6058	11587.6	0.6059	12288	0.6055	13022.2	0.6106	13739.9	0.6087	14450	0.6057	15176.7	0.6042	15903.9	0.6112	16623	0.6064	17337.3	0.6051	18059.9	0.6028	18778.5	0.6055
14.4	0.6457	791.967	0.6099	1500.68	0.6144	2225.73	0.6112	2946.45	0.6069	3684.3	0.6072	4380.65	0.6177	5097.55	0.6149	5828.5	0.6079	6535.47	0.6158	7268.68	0.614	7978.53	0.6097	8695.5	0.6121	9424.93	0.6177	10142.6	0.6163	10867.4	0.6096	11588.1	0.6091	12288.5	0.6083	13022.7	0.6157	13740.4	0.6155	14450.5	0.6096	15177.2	0.6057	15904.4	0.6155	16623.5	0.6068	17337.8	0.6082	18060.4	0.6093	18779	0.6079
14.9	0.6536	792.483	0.6136	1501.18	0.6166	2226.23	0.6146	2946.95	0.6124	3684.8	0.6085	4381.15	0.6213	5098.05	0.6204	5829	0.6076	6535.97	0.6183	7269.18	0.618	7979.03	0.6208	8696	0.6166	9425.43	0.6182	10143.1	0.6243	10867.9	0.6163	11588.6	0.6128	12289	0.6117	13023.2	0.6181	13740.9	0.619	14451.1	0.6115	15177.7	0.6098	15904.9	0.6213	16624	0.6156	17338.3	0.6118	18060.9	0.6136	18779.5	0.6126
15.4	0.6469	792.983	0.6195	1501.68	0.6216	2226.73	0.616	2947.45	0.615	3685.3	0.6091	4381.65	0.634	5098.57	0.6252	5829.52	0.6162	6536.47	0.6246	7269.68	0.6265	7979.53	0.6268	8696.5	0.6211	9425.93	0.6227	10143.6	0.6255	10868.4	0.6241	11589.1	0.6184	12289.5	0.6169	13023.7	0.6198	13741.4	0.6244	14451.6	0.6164	15178.2	0.6172	15905.4	0.6235	16624.5	0.6204	17338.8	0.6187	18061.4	0.6174	18780	0.6189
15.9	0.6462	793.483	0.6194	1502.18	0.6234	2227.23	0.6241	2947.95	0.624	3685.8	0.6162	4382.17	0.6383	5099.07	0.637	5830.02	0.6237	6536.98	0.6268	7270.18	0.6304	7980.03	0.6286	8697	0.6259	9426.45	0.6312	10144.1	0.6313	10868.9	0.625	11589.6	0.6221	12290	0.6216	13024.2	0.6274	13741.9	0.6257	14452.1	0.6208	15178.7	0.6195	15905.9	0.6278	16625	0.6254	17339.3	0.6252	18061.9	0.6194	18780.5	0.6231
16.4	0.6508	793.983	0.6224	1502.68	0.6338	2227.73	0.6259	2948.45	0.6223	3686.3	0.6278	4382.67	0.6405	5099.57	0.6426	5830.52	0.6288	6537.48	0.6317	7270.7	0.6368	7980.53	0.6318	8697.5	0.6342	9426.95	0.6376	10144.6	0.6383	10869.4	0.6294	11590.1	0.6287	12290.5	0.6265	13024.7	0.6316	13742.4	0.6297	14452.6	0.6255	15179.2	0.6261	15906.4	0.6334	16625.5	0.6282	17339.8	0.6269	18062.4	0.622	18781	0.627
16.9	0.6513	794.483	0.629	1503.18	0.6334	2228.23	0.6289	2948.95	0.6285	3686.8	0.6205	4383.17	0.6491	5100.07	0.6521	5831.02	0.6311	6537.98	0.6358	7271.2	0.6447	7981.03	0.6438	8698	0.6402	9427.45	0.639	10145.1	0.6407	10869.9	0.6333	11590.6	0.6312	12291	0.63	13025.2	0.6328	13742.9	0.635	14453.1	0.6291	15179.7	0.6279	15906.9	0.6374	16626	0.6339	17340.3	0.6313	18062.9	0.6287	18781.5	0.6319
17.4	0.6472	794.983	0.6333	1503.68	0.6418	2228.75	0.6308	2949.45	0.6334	3687.3	0.6271	4383.67	0.6489	5100.57	0.6523	5831.52	0.6364	6538.48	0.6476	7271.7	0.6467	7981.53	0.6484	8698.5	0.643	9427.95	0.6493	10145.6	0.65	10870.4	0.6404	11591.1	0.6326	12291.5	0.6332	13025.7	0.6378	13743.4	0.6396	14453.6	0.6346	15180.2	0.6312	15907.4	0.6392	16626.5	0.6361	17340.8	0.6311	18063.4	0.6368	18782	0.6359
17.9	0.6473	795.483	0.6363	1504.18	0.6458	2229.25	0.6302	2949.95	0.6412	3687.82	0.6269	4384.17	0.658	5101.07	0.6651	5832.02	0.6428	6538.98	0.6551	7272.2	0.6564	7982.03	0.6517	8699	0.6491	9428.45	0.6545	10146.1	0.6536	10870.9	0.6432	11591.6	0.6394	12292	0.639	13026.2	0.6476	13743.9	0.6412	14454.1	0.6358	15180.8	0.6359	15907.9	0.6482	16627	0.6424	17341.3	0.6403	18063.9	0.6406	18782.5	0.6411
18.4	0.6456	795.983	0.6464	1504.68	0.6452	2229.75	0.6369	2950.45	0.6382	3688.32	0.6286	4384.67	0.6688	5101.57	0.6721	5832.52	0.6474	6539.48	0.6634	7272.72	0.6601	7982.55	0.6613	8699.5	0.6582	9428.95	0.6591	10146.6	0.6602	10871.4	0.6467	11592.1	0.6434	12292.5	0.6452	13026.7	0.6468	13744.4	0.6518	14454.6	0.6435	15181.2	0.6411	15908.4	0.6487	16627.5	0.6471	17341.8	0.6421	18064.4	0.6423	18783	0.646
18.9	0.6494	796.483	0.6415	1505.18	0.6549	2230.25	0.6403	2950.95	0.6493	3688.82	0.6304	4385.17	0.6706	5102.07	0.6727	5833.03	0.6566	6539.98	0.6636	7273.22	0.6676	7983.05	0.664	8700	0.6622	9429.45	0.6628	10147.1	0.6619	10871.9	0.6507	11592.6	0.6493	12293	0.6464	13027.2	0.6544	13744.9	0.6512	14455.1	0.6472	15181.8	0.6455	15908.9	0.6552	16628	0.652	17342.3	0.6497	18064.9	0.6492	18783.5	0.6508
19.4	0.6505	796.983	0.6433	1505.68	0.6562	2230.75	0.6463	2951.45	0.649	3689.32	0.6339	4385.67	0.6754	5102.57	0.6815	5833.53	0.6595	6540.48	0.6691	7273.72	0.6725	7983.55	0.6701	8700.5	0.6675	9429.95	0.6692	10147.6	0.6694	10872.4	0.6567	11593.1	0.6489	12293.5	0.655	13027.7	0.6569	13745.4	0.6565	14455.6	0.6542	15182.2	0.6501	15909.4	0.6606	16628.5	0.6536	17342.8	0.6511	18065.4	0.6546	18784	0.6547
19.9	0.6482	797.483	0.6473	1506.18	0.661	2231.25	0.6501	2951.95	0.6529	3689.82	0.6438	4386.17	0.6779	5103.07	0.6822	5834.05	0.6633	6540.98	0.6764	7274.22	0.6804	7984.05	0.6751	8701	0.6784	9430.45	0.6702	10148.1	0.6737	10872.9	0.6627	11593.6	0.6523	12294.1	0.6614	13028.2	0.6615	13745.9	0.6609	14456.1	0.652	15182.8	0.6574	15909.9	0.6643	16629	0.6559	17343.3	0.6599	18065.9	0.6588	18784.5	0.6596
20.4	0.6505	797.983	0.6468	1506.7	0.6609	2231.75	0.6552	2952.45	0.6667	3690.32	0.6394	4386.67	0.6873	5103.57	0.6976	5834.55	0.6706	6541.48	0.6832	7274.72	0.6866	7984.55	0.6806	8701.5	0.6867	9430.95	0.6774	10148.6	0.6798	10873.4	0.6684	11594.1	0.6599	12294.6	0.6604	13028.7	0.6643	13746.4	0.6676	14456.6	0.6582	15183.2	0.6613	15910.4	0.6666	16629.5	0.6608	17343.8	0.661	18066.4	0.6615	18785	0.6627
20.9	0.6508	798.483	0.6528	1507.2	0.6667	2232.25	0.6509	2952.95	0.6633	3690.82	0.6409	4387.17	0.6908	5104.07	0.6987	5835.05	0.6735	6541.98	0.6841	7275.22	0.6929	7985.05	0.6832	8702.02	0.6868	9431.45	0.6831	10149.1	0.6844	10874	0.6689	11594.6	0.6607	12295.1	0.666	13029.2	0.6667	13746.9	0.6731	14457.1	0.6641	15183.8	0.6629	15910.9	0.6691	16630	0.6634	17344.3	0.664	18066.9	0.6703	18785.5	0.6672
21.4167	0.6482	798.983	0.6529	1507.7	0.6695	2232.75	0.6556	2953.45	0.6725	3691.32	0.648	4387.67	0.6959	5104.57	0.7083	5835.55	0.6754	6542.48	0.6903	7275.72	0.6956	7985.55	0.6926	8702.52	0.6972	9431.95	0.686	10149.6	0.6865	10874.5	0.6721	11595.1	0.6646	12295.6	0.6692	13029.7	0.6726	13747.4	0.6754	14457.6	0.6669	15184.3	0.6667	15911.4	0.6745	16630.5	0.6743	17344.8	0.6713	18067.4	0.6713	18786	0.6703
21.9167	0.6494	799.483	0.6622	1508.2	0.6767	2233.25	0.6636	2953.97	0.6755	3691.82	0.6493	4388.17	0.7001	5105.07	0.7097	5836.07	0.6833	6542.98	0.7038	7276.22	0.6989	7986.05	0.6915	8703.03	0.6971	9432.45	0.691	10150.1	0.696	10875	0.6797	11595.6	0.6684	12296.1	0.6757	13030.2	0.6762	13747.9	0.6778	14458.1	0.6746	15184.8	0.6726	15911.9	0.68	16631	0.6745	17345.3	0.675	18067.9	0.676	18786.5	0.6753
22.4167	0.6463	800	0.6668	1508.7	0.6877	2233.75	0.664	2954.47	0.6858	3692.32	0.6561	4388.67	0.7046	5105.57	0.7186	5836.57	0.6792	6543.48	0.7079	7276.72	0.7079	7986.55	0.696	8703.53	0.7055	9432.95	0.6925	10150.6	0.7012	10875.5	0.6835	11596.1	0.6729	12296.6	0.6799	13030.7	0.6777	13748.4	0.6832	14458.6	0.6744	15185.3	0.6769	15912.4	0.6856	16631.5	0.679	17345.8	0.6796	18068.4	0.6826	18787	0.6806
22.9167	0.6529	800.5	0.6636	1509.2	0.6861	2234.25	0.6669	2954.97	0.6834	3692.82	0.6547	4389.17	0.71	5106.07	0.7204	5837.07	0.6879	6543.98	0.7136	7277.22	0.7175	7987.05	0.7029	8704.03	0.7099	9433.45	0.6981	10151.1	0.7026	10876	0.6842	11596.6	0.6762	12297.1	0.6834	13031.2	0.6818	13748.9	0.6839	14459.1	0.6802	15185.8	0.6799	15912.9	0.689	16632	0.6797	17346.3	0.6832	18068.9	0.6881	18787.5	0.6855
23.4167	0.6539	801	0.6675	1509.7	0.6916	2234.75	0.6732	2955.47	0.6887	3693.32	0.6644	4389.67	0.7185	5106.57	0.7306	5837.57	0.6866	6544.5	0.7177	7277.72	0.7202	7987.55	0.7085	8704.53	0.7119	9433.95	0.7031	10151.6	0.7083	10876.5	0.6911	11597.1	0.6787	12297.6	0.6901	13031.8	0.6875	13749.4	0.691	14459.6	0.6873	15186.3	0.6851	15913.4	0.6942	16632.5	0.6871	17346.8	0.6889	18069.4	0.6918	18788	0.6905
23.9167	0.654	801.5	0.6713	1510.2	0.6933	2235.25	0.677	2955.97	0.6892	3693.82	0.6654	4390.18	0.7172	5107.08	0.7356	5838.07	0.6921	6545	0.7234	7278.22	0.7258	7988.05	0.7105	8705.03	0.7213	9434.45	0.7067	10152.1	0.7196	10877	0.6942	11597.6	0.6812	12298.1	0.6942	13032.2	0.6929	13749.9	0.6929	14460.1	0.695	15186.8	0.6857	15913.9	0.6964	16633	0.6897	17347.3	0.6923	18069.9	0.6923	18788.5	0.6931
24.4167	0.6593	802	0.68	1510.7	0.6948	2235.75	0.6768	2956.47	0.6923	3694.33	0.6663	4390.68	0.7253	5107.58	0.7411	5838.57	0.7018	6545.5	0.7265	7278.72	0.7364	7988.55	0.7182	8705.53	0.7232	9434.97	0.7127	10152.6	0.7191	10877.5	0.6976	11598.1	0.6837	12298.6	0.698	13032.8	0.6914	13750.4	0.6996	14460.6	0.6952	15187.3	0.6918	15914.4	0.7018	16633.5	0.6944	17347.8	0.6971	18070.4	0.6996	18789	0.7022
24.9167	0.6575	802.5	0.677	1511.2	0.6975	2236.25	0.6816	2956.97	0.6953	3694.83	0.6717	4391.18	0.7345	5108.08	0.7475	5839.08	0.7015	6546	0.7382	7279.22	0.7351	7989.05	0.7168	8706.03	0.7316	9435.47	0.7117	10153.1	0.7315	10878	0.701	11598.6	0.6901	12299.1	0.7029	13033.2	0.6978	13750.9	0.7035	14461.1	0.6988	15187.8	0.6969	15914.9	0.7033	16634	0.6976	17348.3	0.702	18070.9	0.7028	18789.5	0.7034
25.4167	0.6545	803	0.6837	1511.7	0.6991	2236.75	0.6854	2957.47	0.7071	3695.33	0.6761	4391.68	0.7359	5108.58	0.7507	5839.58	0.7096	6546.5	0.7407	7279.72	0.7395	7989.55	0.7264	8706.55	0.743	9435.97	0.7211	10153.6	0.7338	10878.5	0.7072	11599.1	0.6898	12299.6	0.7061	13033.8	0.6999	13751.4	0.7072	14461.6	0.7037	15188.3	0.7001	15915.4	0.7104	16634.5	0.7012	17348.8	0.7102	18071.4	0.7064	18790	0.7043
25.9167	0.6547	803.5	0.6809	1512.2	0.7049	2237.27	0.6886	2957.97	0.7063	3695.83	0.6752	4392.18	0.7342	5109.08	0.755	5840.08	0.706	6547	0.7429	7280.23	0.748	7990.05	0.7309	8707.05	0.738	9436.47	0.7247	10154.1	0.7364	10879	0.7119	11599.6	0.6927	12300.1	0.7132	13034.2	0.704	13751.9	0.7099	14462.1	0.7064	15188.8	0.701	15915.9	0.714	16635	0.7041	17349.3	0.7089	18071.9	0.7124	18790.5	0.7066
26.4167	0.6534	804	0.6856	1512.7	0.7095	2237.77	0.6896	2958.47	0.7054	3696.33	0.6863	4392.68	0.7411	5109.58	0.7581	5840.58	0.7111	6547.5	0.7501	7280.73	0.751	7990.55	0.7355	8707.55	0.7517	9436.97	0.7317	10154.6	0.7444	10879.5	0.712	11600.1	0.696	12300.6	0.718	13034.8	0.7056	13752.4	0.7135	14462.6	0.7124	15189.3	0.7062	15916.4	0.7181	16635.5	0.7067	17349.8	0.7157	18072.4	0.7166	18791	0.7134
26.9167	0.6568	804.5	0.6851	1513.2	0.7126	2238.27	0.6906	2958.97	0.7139	3696.83	0.6826	4393.18	0.7479	5110.08	0.7732	5841.08	0.7249	6548	0.7532	7281.23	0.7582	7991.07	0.7347	8708.05	0.7569	9437.47	0.7298	10155.2	0.7431	10880	0.7145	11600.6	0.7013	12301.1	0.7219	13035.2	0.7109	13752.9	0.7158	14463.1	0.7131	15189.8	0.7126	15916.9	0.7234	16636	0.7124	17350.3	0.7186	18072.9	0.7227	18791.5	0.7186
27.4167	0.6541	805	0.6928	1513.7	0.7161	2238.77	0.6947	2959.47	0.7164	3697.33	0.6885	4393.68	0.7489	5110.58	0.7667	5841.6	0.7249	6548.5	0.7572	7281.73	0.7599	7991.57	0.7461	8708.55	0.7578	9437.97	0.7368	10155.7	0.7506	10880.5	0.7222	11601.1	0.7056	12301.6	0.7243	13035.8	0.7127	13753.4	0.7223	14463.6	0.7168	15190.3	0.7148	15917.4	0.726	16636.5	0.7157	17350.8	0.7264	18073.4	0.7267	18792	0.7249
27.9167	0.6599	805.5	0.6973	1514.2	0.7232	2239.27	0.6983	2959.97	0.724	3697.83	0.6901	4394.18	0.7545	5111.08	0.7757	5842.1	0.7252	6549	0.7661	7282.23	0.764	7992.07	0.7449	8709.05	0.7638	9438.47	0.7401	10156.2	0.7562	10881	0.7212	11601.6	0.7063	12302.1	0.7293	13036.2	0.7135	13753.9	0.7251	14464.1	0.7242	15190.8	0.7168	15917.9	0.7267	16637	0.7233	17351.3	0.7256	18073.9	0.7337	18792.5	0.7283
28.4167	0.6586	806	0.6918	1514.72	0.7191	2239.77	0.696	2960.47	0.7209	3698.33	0.6938	4394.68	0.7561	5111.58	0.782	5842.6	0.7357	6549.5	0.768	7282.73	0.7735	7992.57	0.7479	8709.55	0.7672	9438.97	0.7413	10156.7	0.7609	10881.5	0.7271	11602.1	0.7092	12302.6	0.738	13036.8	0.7148	13754.4	0.7266	14464.6	0.7314	15191.3	0.7194	15918.4	0.7326	16637.5	0.7231	17351.8	0.7294	18074.4	0.7346	18793	0.7333
28.9167	0.6624	806.5	0.6942	1515.22	0.728	2240.27	0.6997	2960.97	0.7248	3698.83	0.6991	4395.18	0.7596	5112.08	0.7886	5843.1	0.7365	6550	0.7799	7283.23	0.7714	7993.07	0.7544	8710.07	0.7712	9439.47	0.7468	10157.2	0.7667	10882	0.7328	11602.6	0.7121	12303.1	0.7417	13037.2	0.7241	13754.9	0.7319	14465.1	0.7306	15191.8	0.7265	15918.9	0.7386	16638	0.7269	17352.3	0.735	18074.9	0.7402	18793.5	0.7357
29.4167	0.6634	807	0.6981	1515.72	0.7315	2240.77	0.702	2961.47	0.7342	3699.33	0.6987	4395.68	0.765	5112.58	0.7919	5843.6	0.7387	6550.5	0.7818	7283.73	0.7826	7993.57	0.7583	8710.57	0.7833	9439.97	0.7495	10157.7	0.7741	10882.5	0.7345	11603.1	0.7189	12303.6	0.7459	13037.8	0.7247	13755.4	0.7347	14465.6	0.7351	15192.3	0.7275	15919.4	0.7405	16638.5	0.7299	17352.8	0.7368	18075.4	0.7438	18794	0.7388
29.9333	0.6632	807.517	0.6987	1516.22	0.7347	2241.27	0.7018	2961.97	0.7301	3699.83	0.7086	4396.18	0.7696	5113.08	0.7921	5844.1	0.7428	6551	0.7894	7284.23	0.7866	7994.07	0.7602	8711.07	0.7817	9440.47	0.7554	10158.2	0.7775	10883	0.7405	11603.6	0.7184	12304.1	0.7476	13038.2	0.7245	13755.9	0.7404	14466.1	0.7376	15192.8	0.7271	15919.9	0.7444	16639	0.7322	17353.3	0.743	18075.9	0.7484	18794.5	0.7447
30.4333	0.6646	808.017	0.7058	1516.72	0.731	2241.77	0.7061	2962.47	0.7339	3700.35	0.7118	4396.68	0.7703	5113.58	0.7944	5844.6	0.7435	6551.52	0.7871	7284.73	0.7916	7994.57	0.7635	8711.57	0.7891	9440.97	0.7586	10158.7	0.7866	10883.5	0.7389	11604.1	0.7219	12304.6	0.75	13038.8	0.7319	13756.4	0.7399	14466.6	0.7416	15193.3	0.7372	15920.4	0.7475	16639.5	0.7355	17353.8	0.7466	18076.4	0.7527	18795	0.7447
30.9333	0.666	808.517	0.7029	1517.22	0.7337	2242.27	0.712	2962.97	0.7396	3700.85	0.708	4397.18	0.7786	5114.08	0.7993	5845.1	0.7472	6552.02	0.7981	7285.23	0.7953	7995.07	0.7725	8712.07	0.7908	9441.47	0.7605	10159.2	0.7855	10884	0.7467	11604.6	0.7286	12305.1	0.7579	13039.2	0.7348	13756.9	0.7473	14467.1	0.7453	15193.8	0.7383	15920.9	0.7506	16640	0.7384	17354.3	0.7514	18076.9	0.7518	18795.5	0.7547
31.4333	0.6611	809.017	0.7005	1517.72	0.7379	2242.77	0.7093	2963.48	0.748	3701.35	0.7154	4397.68	0.7804	5114.6	0.8059	5845.62	0.7512	6552.52	0.7949	7285.73	0.7962	7995.57	0.775	8712.57	0.7974	9441.98	0.7662	10159.7	0.7881	10884.5	0.7478	11605.1	0.7329	12305.6	0.7612	13039.8	0.7425	13757.4	0.7486	14467.6	0.7502	15194.3	0.7397	15921.4	0.7556	16640.5	0.7454	17354.8	0.7527	18077.4	0.7591	18796	0.7591
31.9333	0.6611	809.517	0.7039	1518.23	0.7415	2243.27	0.7132	2963.98	0.7463	3701.85	0.7228	4398.18	0.7821			5846.12	0.7599	6553.02	0.7967	7286.23	0.8039	7996.07	0.779	8713.08	0.7964	9442.48	0.7732	10160.2	0.7918	10885	0.7501	11605.6	0.7321	12306.1	0.7669	13040.2	0.7385	13757.9	0.7509	14468.1	0.7531	15194.8	0.7466	15921.9	0.7588	16641	0.7436	17355.3	0.7573	18077.9	0.7638	18796.5	0.7589
32.4333	0.6645	810.017	0.7112	1518.73	0.747	2243.77	0.7157	2964.48	0.745	3702.35	0.716	4398.7	0.7891			5846.62	0.7618	6553.52	0.8			7996.57	0.7795	8713.58	0.8013	9442.98	0.774	10160.7	0.8007	10885.5	0.7512	11606.1	0.7362	12306.6	0.7722	13040.8	0.7449	13758.4	0.7556	14468.6	0.7569	15195.3	0.7441	15922.4	0.7623	16641.5	0.7494	17355.8	0.7605	18078.4	0.7655	18797	0.7638
32.9333	0.6695	810.517	0.7131	1519.23	0.7515	2244.28	0.7153	2964.98	0.7515	3702.85	0.7218	4399.2	0.7914			5847.12	0.7646					7997.07	0.7893			9443.48	0.774			10886	0.7572	11606.6	0.7408	12307.1	0.7749	13041.2	0.7476	13758.9	0.7585	14469.1	0.7583	15195.8	0.7527	15922.9	0.7673	16642	0.7539	17356.3	0.7659	18078.9	0.7721	18797.5	0.7659
33.4333	0.6698	811.017	0.714	1519.73	0.7533	2244.78	0.7218	2965.48	0.7592	3703.35	0.73	4399.7	0.7908			5847.62	0.7752					7997.57	0.7872			9443.98	0.779			10886.5	0.7596	11607.1	0.7442	12307.6	0.7811	13041.8	0.7514	13759.4	0.7609	14469.6	0.7654	15196.3	0.7515	15923.4	0.77	16642.5	0.7557	17356.8	0.7693	18079.4	0.7786	18798	0.7681
33.9333	0.6735	811.517	0.7099	1520.23	0.7518	2245.28	0.7257	2965.98	0.7605	3703.85	0.7347	4400.2	0.8037			5848.13	0.7765					7998.07	0.7897			9444.48	0.7839			10887	0.7613	11607.6	0.7462	12308.1	0.7859	13042.3	0.7522	13759.9	0.765	14470.1	0.7667	15196.8	0.755	15923.9	0.7691	16643	0.7621	17357.3	0.772	18079.9	0.7785	18798.5	0.7714
34.4333	0.672	812.017	0.718	1520.73	0.757	2245.78	0.728	2966.48	0.7605	3704.35	0.7346					5848.63	0.7808					7998.58	0.7952			9444.98	0.7865			10887.5	0.7654	11608.1	0.7482	12308.6	0.7899	13042.8	0.7527	13760.4	0.7674	14470.6	0.7683	15197.3	0.7649	15924.4	0.7746	16643.5	0.7636	17357.8	0.7755	18080.4	0.7842	18799	0.7794
34.9333	0.679	812.517	0.7161	1521.23	0.766	2246.28	0.724	2966.98	0.7681	3704.85	0.741					5849.13	0.7839					7999.08	0.7975			9445.48	0.7901			10888	0.7682	11608.6	0.7545	12309.1	0.7971	13043.3	0.76	13760.9	0.7705	14471.1	0.7715	15197.8	0.766	15924.9	0.7826	16644	0.7636	17358.3	0.779	18080.9	0.7869	18799.5	0.7809
35.4333	0.6757	813.017	0.7165	1521.73	0.7611	2246.78	0.7303	2967.48	0.7669	3705.35	0.744					5849.63	0.7902					7999.58	0.8076			9445.98	0.7926			10888.5	0.7746	11609.1	0.7561	12309.6	0.802	13043.8	0.7606	13761.4	0.7711	14471.6	0.774	15198.3	0.7649	15925.4	0.7832	16644.5	0.7687	17358.8	0.7859	18081.4	0.7923	18800	0.7849
35.9333	0.6708	813.517	0.727	1522.23	0.7622	2247.28	0.7346	2967.98	0.7707	3705.85	0.747					5850.13	0.7959									9446.48	0.7935			10889	0.7741	11609.6	0.7601			13044.3	0.7631	13761.9	0.7736	14472.1	0.7796	15198.8	0.7736	15925.9	0.785	16645	0.7743	17359.3	0.784	18081.9	0.7949	18800.5	0.7856
36.45	0.6693	814.017	0.7218	1522.73	0.7631	2247.78	0.7347	2968.48	0.7719	3706.35	0.7557					5850.63	0.7963									9446.98	0.801			10889.5	0.7789	11610.1	0.7642			13044.8	0.7666	13762.4	0.7838	14472.6	0.7817	15199.3	0.7763	15926.4	0.791	16645.5	0.7764	17359.8	0.7898	18082.4	0.8054	18801	0.7913
36.95	0.6726	814.533	0.7241	1523.23	0.7651	2248.28	0.7358	2968.98	0.7756	3706.85	0.7558					5851.13	0.8018													10890	0.7827	11610.6	0.7616			13045.3	0.7704	13762.9	0.7853	14473.1	0.7828	15199.8	0.7773	15926.9	0.7925	16646	0.7779	17360.3	0.7939			18801.5	0.8003
37.45	0.6732	815.033	0.726	1523.73	0.7704	2248.78	0.7392	2969.48	0.7724	3707.35	0.754																			10890.5	0.7809	11611.1	0.7697			13045.8	0.7724	13763.4	0.7835	14473.6	0.7885	15200.3	0.7801	15927.4	0.7956	16646.5	0.7814	17360.8	0.7975				
37.95	0.683	815.533	0.7243	1524.23	0.7712	2249.28	0.7482	2969.98	0.7779	3707.85	0.7573																			10891	0.7882	11611.6	0.775			13046.3	0.7749	13763.9	0.7867	14474.1	0.7945	15200.8	0.7834	15928	0.8005	16647	0.7849	17361.3	0.802				
38.45	0.6812	816.033	0.73	1524.73	0.7799	2249.8	0.7437	2970.48	0.7799	3708.35	0.7609																			10891.5	0.7937	11612.1	0.7747			13046.8	0.7769	13764.5	0.7927	14474.6	0.7952	15201.4	0.7876			16647.6	0.786						
38.95	0.6818	816.533	0.735	1525.23	0.7708	2250.3	0.748	2970.98	0.7845	3708.85	0.7638																			10892	0.7988	11612.6	0.7813			13047.3	0.7837	13765	0.7944	14475.1	0.799	15201.9	0.7885			16648.1	0.7879						
39.45	0.6822	817.033	0.73	1525.73	0.7826	2250.8	0.7553	2971.5	0.7826	3709.37	0.7673																			10892.5	0.7981	11613.1	0.7827			13047.8	0.7819	13765.5	0.7999	14475.6	0.8013	15202.4	0.7949			16648.6	0.7952						
39.95	0.6845	817.533	0.7367	1526.25	0.7752	2251.3	0.7514	2972	0.7829	3709.87	0.7748																			10893	0.8032	11613.6	0.7877			13048.3	0.7879	13766	0.803			15202.9	0.7953			16649.1	0.7971						
40.45	0.6846	818.033	0.7335	1526.75	0.7767	2251.8	0.7564	2972.5	0.7925	3710.37	0.7758																					11614.1	0.7921			13048.8	0.7884					15203.4	0.7984			16649.6	0.7984						
40.95	0.682	818.533	0.7363	1527.25	0.7821	2252.3	0.7523	2973	0.7897	3710.87	0.7778																					11614.6	0.7959			13049.3	0.7939					15203.9	0.8001			16650.1	0.8011						
41.45	0.6859	819.05	0.7405	1527.75	0.7839	2252.8	0.762	2973.5	0.7921	3711.37	0.7815																					11615.2	0.7916			13049.8	0.7898																
41.95	0.6893	819.55	0.7427	1528.25	0.7846	2253.32	0.7623	2974	0.7953	3711.87	0.7832																					11615.7	0.8008			13050.3	0.8015																
42.45	0.6907	820.05	0.7479	1528.75	0.7863	2253.82	0.7701	2974.5	0.7968	3712.37	0.7889																																										
42.9667	0.6884	820.55	0.748	1529.25	0.7938	2254.32	0.7693	2975	0.8022	3712.87	0.788																																										
43.4667	0.6888	821.05	0.7507	1529.75	0.7906	2254.82	0.774			3713.37	0.7969																																										
43.9667	0.6891	821.55	0.7452	1530.25	0.7946	2255.32	0.7712			3713.87	0.801																																										
44.4833	0.6877	822.05	0.754	1530.75	0.799	2255.82	0.7746																																														
44.9833	0.6917	822.55	0.7521	1531.25	0.8022	2256.32	0.7828																																														
45.4833	0.6897	823.05	0.7516			2256.83	0.7843																																														
45.9833	0.6931	823.55	0.7539			2257.33	0.7806																																														
46.5	0.6945	824.05	0.7576			2257.83	0.7869																																														
47	0.6941	824.55	0.7585			2258.33	0.7872																																														
47.5	0.6912	825.05	0.763			2258.83	0.7955																																														
48	0.6982	825.55	0.7676			2259.33	0.7939																																														
48.5	0.7001	826.067	0.7746			2259.85	0.8016																																														
49	0.6968	826.567	0.7668																																																		
49.5	0.6979	827.067	0.773																																																		
50	0.6955	827.567	0.7739																																																		
50.5167	0.704	828.067	0.7734																																																		
51.0167	0.7009	828.567	0.7783																																																		
51.5167	0.7013	829.067	0.7802																																																		
52.0167	0.7043	829.567	0.786																																																		
52.5167	0.7071	830.067	0.7908																																																		
53.0167	0.7007	830.567	0.7865																																																		
53.5167	0.7035	831.067	0.7971																																																		
54.0167	0.702	831.567	0.7923																																																		
54.5167	0.711	832.067	0.7979																																																		
55.0167	0.7099	832.567	0.7988																																																		
55.5167	0.716	833.067	0.7933																																																		
56.0167	0.7148	833.567	0.7982																																																		
56.5333	0.7126	834.067	0.7979																																																		
57.0333	0.7144	834.567	0.802																																																		
57.5333	0.716																																																				
58.0333	0.7096																																																				
58.5333	0.7196																																																				
59.0333	0.7164																																																				
59.5333	0.7193																																																				
60.0333	0.7216																																																				
60.5333	0.7183																																																				
61.0333	0.7221																																																				
61.5333	0.722																																																				
62.0333	0.7217																																																				
62.5333	0.7233																																																				
63.0333	0.7189																																																				
63.5333	0.724																																																				
64.0333	0.7202																																																				
64.5333	0.7279																																																				
65.05	0.7328																																																				
65.55	0.7286																																																				
66.05	0.7332																																																				
66.55	0.7294																																																				
67.05	0.7344																																																				
67.55	0.7396																																																				
68.05	0.7396																																																				
68.55	0.7333																																																				
69.05	0.7383																																																				
69.55	0.7395																																																				
70.05	0.74																																																				
70.55	0.7434																																																				
71.05	0.7397																																																				
71.55	0.7413																																																				
72.05	0.7443																																																				
72.55	0.7471																																																				
73.05	0.7463																																																				
73.5667	0.7491																																																				
74.0667	0.7451																																																				
74.5667	0.7539																																																				
75.0667	0.7518																																																				
75.5667	0.7453																																																				
76.0667	0.7553																																																				
76.5667	0.7501																																																				
77.0667	0.7544																																																				
77.5667	0.7517																																																				
78.0667	0.7594																																																				
78.5667	0.7511																																																				
79.0667	0.7637																																																				
79.5667	0.7614																																																				
80.0667	0.7585																																																				
80.5667	0.7556																																																				
81.0667	0.7617																																																				
81.5667	0.7613																																																				
82.0833	0.7637																																																				
82.5833	0.7626																																																				
83.0833	0.7633																																																				
83.5833	0.7724																																																				
84.0833	0.7687																																																				
84.5833	0.7615																																																				
85.0833	0.7721																																																				
85.5833	0.766																																																				
86.0833	0.7705																																																				
86.5833	0.7704																																																				
87.0833	0.7709																																																				
87.5833	0.7692																																																				
88.0833	0.7706																																																				
88.5833	0.7758																																																				
89.0833	0.7786																																																				
89.5833	0.7741																																																				
90.0833	0.7756																																																				
90.6	0.7774																																																				
91.1	0.7791																																																				
91.6	0.7806																																																				
92.1	0.7748																																																				
92.6	0.7839																																																				
93.1	0.782																																																				
93.6	0.7853																																																				
94.1	0.7821																																																				
94.6	0.7826																																																				
95.1	0.7877																																																				
95.6	0.7844																																																				
96.1	0.7926																																																				
96.6	0.7847																																																				
97.1	0.7875																																																				
97.6	0.7924																																																				
98.1	0.7938																																																				
98.6167	0.7879																																																				
99.1167	0.7925																																																				
99.6167	0.79																																																				
100.117	0.7939																																																				
100.617	0.7975																																																				
101.117	0.7932																																																				
101.617	0.7929																																																				
102.117	0.8025																																																				