T0	OD0	T1	OD1	T2	OD2	T3	OD3	T4	OD4	T5	OD5	T6	OD6	T7	OD7	T8	OD8	T9	OD9	T10	OD10	T11	OD11	T12	OD12	T13	OD13	T14	OD14	T15	OD15	T16	OD16	T17	OD17	T18	OD18	T19	OD19	T20	OD20	T21	OD21	T22	OD22	T23	OD23	T24	OD24	T25	OD25	T26	OD26
11.15	0.6017	794.767	0.6011	1511.17	0.6046	2226.72	0.607	2948.9	0.6006	3662.57	0.6067	4382.48	0.6008	5103.6	0.6036	5817.35	0.6015	6538.45	0.6016	7285.13	0.604	8000.57	0.6047	8716.85	0.6055	9426.05	0.6075	10141.6	0.6004	10859.8	0.6036	11581.4	0.6023	12299.5	0.6054	13028.4	0.6023	13738	0.6003	14445.5	0.6027	15176.6	0.6045	15909.6	0.6061	16615.5	0.6004	17341.5	0.6043	18061	0.6058	18787.6	0.6016
11.65	0.6026	795.267	0.6047	1511.67	0.6097	2227.22	0.6039	2949.4	0.6073	3663.07	0.6086	4382.98	0.6053	5104.1	0.6034	5817.85	0.6055	6538.95	0.6046	7285.63	0.6123	8001.07	0.6055	8717.35	0.6081	9426.57	0.6086	10142.1	0.6068	10860.3	0.6105	11581.9	0.6127	12300	0.6081	13028.9	0.6073	13738.5	0.6043	14446	0.6057	15177.1	0.609	15910.1	0.6114	16616	0.604	17342	0.6136	18061.5	0.6078	18788.1	0.6062
12.15	0.6008	795.767	0.6057	1512.17	0.6122	2227.72	0.6085	2949.9	0.6136	3663.57	0.6157	4383.48	0.606	5104.6	0.6055	5818.35	0.6138	6539.45	0.6083	7286.13	0.6193	8001.58	0.6164	8717.85	0.615	9427.07	0.6142	10142.6	0.6146	10860.8	0.6175	11582.4	0.6143	12300.5	0.612	13029.4	0.6142	13739	0.6104	14446.5	0.61	15177.6	0.6123	15910.6	0.6156	16616.5	0.6071	17342.5	0.614	18062	0.6133	18788.6	0.6088
12.65	0.5987	796.267	0.6106	1512.67	0.6155	2228.22	0.6177	2950.4	0.6159	3664.07	0.6182	4384	0.61	5105.1	0.6143	5818.85	0.62	6539.95	0.6135	7286.63	0.6202	8002.08	0.6203	8718.35	0.6197	9427.57	0.6224	10143.1	0.6187	10861.3	0.6188	11582.9	0.6216	12301	0.6201	13029.9	0.6226	13739.5	0.6162	14447	0.6148	15178.1	0.6169	15911.1	0.6207	16617	0.612	17343	0.6201	18062.5	0.6172	18789.1	0.615
13.15	0.6001	796.767	0.6149	1513.17	0.6214	2228.72	0.6179	2950.92	0.6121	3664.57	0.6236	4384.5	0.6212	5105.6	0.6177	5819.35	0.6223	6540.47	0.6199	7287.13	0.6242	8002.58	0.6259	8718.85	0.6269	9428.07	0.6258	10143.6	0.628	10861.8	0.6245	11583.4	0.6294	12301.5	0.6279	13030.4	0.6278	13740	0.623	14447.5	0.6224	15178.6	0.6195	15911.6	0.6261	16617.5	0.6177	17343.5	0.6252	18063	0.6213	18789.6	0.6164
13.65	0.6033	797.267	0.6187	1513.67	0.6228	2229.22	0.6194	2951.42	0.6189	3665.08	0.6292	4385	0.6201	5106.1	0.6222	5819.85	0.633	6540.97	0.6259	7287.63	0.6313	8003.08	0.6333	8719.35	0.6303	9428.57	0.6324	10144.1	0.633	10862.3	0.6321	11584	0.6376	12302	0.6269	13030.9	0.6279	13740.5	0.6266	14448	0.6259	15179.1	0.6238	15912.1	0.6318	16618	0.6232	17344	0.6302	18063.5	0.6273	18790.1	0.6212
14.15	0.5957	797.767	0.6188	1514.17	0.6241	2229.72	0.619	2951.92	0.6202	3665.58	0.632	4385.5	0.6261	5106.6	0.6305	5820.35	0.6386	6541.47	0.6291	7288.13	0.6344	8003.58	0.6392	8719.85	0.6374	9429.07	0.6387	10144.6	0.6369	10862.8	0.6348	11584.5	0.6405	12302.5	0.6356	13031.4	0.6369	13741	0.6277	14448.5	0.6305	15179.6	0.6268	15912.6	0.6343	16618.5	0.6246	17344.5	0.6343	18064	0.6308	18790.6	0.6272
14.6667	0.597	798.267	0.6222	1514.67	0.6288	2230.22	0.6241	2952.42	0.6271	3666.08	0.6373	4386	0.6323	5107.1	0.6339	5820.85	0.6381	6541.97	0.6362	7288.63	0.641	8004.08	0.6414	8720.35	0.64	9429.57	0.645	10145.1	0.6441	10863.3	0.642	11585	0.6443	12303	0.6399	13031.9	0.6461	13741.5	0.6377	14449	0.6321	15180.1	0.6319	15913.1	0.6436	16619	0.632	17345	0.6366	18064.5	0.6367	18791.1	0.6295
15.1667	0.5997	798.767	0.6207	1515.18	0.6333	2230.72	0.632	2952.92	0.6325	3666.58	0.6412	4386.5	0.6327	5107.6	0.6382	5821.35	0.6479	6542.47	0.6409	7289.13	0.6462	8004.58	0.6465	8720.85	0.6453	9430.07	0.648	10145.6	0.6445	10863.8	0.65	11585.5	0.6487	12303.5	0.6472	13032.4	0.6507	13742	0.642	14449.5	0.6366	15180.6	0.6383	15913.6	0.6462	16619.5	0.6364	17345.5	0.6428	18065	0.6422	18791.6	0.636
15.6667	0.6007	799.267	0.6302	1515.68	0.6355	2231.22	0.6351	2953.42	0.6326	3667.08	0.6451	4387	0.6388	5108.1	0.6458	5821.87	0.6492	6542.97	0.6433	7289.63	0.6497	8005.08	0.6496	8721.35	0.6532	9430.57	0.6523	10146.1	0.6575	10864.3	0.651	11586	0.6554	12304	0.6526	13032.9	0.6554	13742.5	0.6479	14450	0.6426	15181.1	0.6435	15914.1	0.6538	16620	0.6422	17346	0.6495	18065.5	0.6457	18792.1	0.6396
16.1667	0.6003	799.783	0.6328	1516.18	0.6405	2231.72	0.6358	2953.92	0.636	3667.58	0.6503	4387.5	0.6445	5108.6	0.6462	5822.37	0.6582	6543.47	0.6535	7290.13	0.6539	8005.58	0.6583	8721.85	0.6515	9431.07	0.6602	10146.6	0.6598	10864.8	0.6558	11586.5	0.6649	12304.5	0.6582	13033.4	0.6633	13743	0.6534	14450.5	0.6453	15181.6	0.647	15914.6	0.6562	16620.5	0.6508	17346.5	0.6526	18066	0.6516	18792.6	0.6479
16.6667	0.5986	800.283	0.6368	1516.68	0.6454	2232.22	0.6359	2954.42	0.6399	3668.08	0.6585	4388	0.6447	5109.1	0.6515	5822.87	0.6618	6543.97	0.6587	7290.63	0.6584	8006.08	0.6577	8722.35	0.6603	9431.57	0.6617	10147.1	0.6621	10865.3	0.6665	11587	0.6684	12305	0.6681	13033.9	0.6669	13743.5	0.6616	14451	0.6462	15182.1	0.6509	15915.1	0.661	16621	0.6505	17347	0.6565	18066.5	0.6544	18793.1	0.6519
17.1667	0.5981	800.783	0.6347	1517.18	0.643	2232.73	0.6411	2954.92	0.6426	3668.6	0.6534	4388.5	0.6546	5109.6	0.6588	5823.37	0.672	6544.47	0.6635	7291.13	0.67	8006.6	0.6647	8722.85	0.6628	9432.07	0.6677	10147.6	0.6732	10865.8	0.6771	11587.5	0.6694	12305.5	0.6709	13034.4	0.6734	13744	0.6653	14451.6	0.6552	15182.6	0.656	15915.6	0.6677	16621.5	0.6546	17347.5	0.6622	18067	0.6579	18793.6	0.6586
17.6667	0.599	801.283	0.6383	1517.68	0.6478	2233.23	0.6448	2955.42	0.6444	3669.1	0.6601	4389	0.6518	5110.1	0.6634	5823.87	0.6747	6544.97	0.6648	7291.63	0.6678	8007.1	0.6717	8723.35	0.673	9432.57	0.6717	10148.1	0.6766	10866.3	0.6771	11588	0.6757	12306	0.6756	13034.9	0.6781	13744.5	0.671	14452.1	0.6543	15183.1	0.6611	15916.1	0.671	16622	0.661	17348	0.6692	18067.5	0.6627	18794.1	0.6616
18.1667	0.5977	801.783	0.6383	1518.18	0.6531	2233.73	0.6527	2955.92	0.6438	3669.6	0.6647	4389.5	0.6564	5110.62	0.6684	5824.37	0.6814	6545.47	0.6726	7292.13	0.6763	8007.6	0.6817	8723.87	0.6748	9433.07	0.6815	10148.6	0.6829	10866.8	0.6841	11588.5	0.6816	12306.5	0.68	13035.4	0.6815	13745	0.6751	14452.6	0.663	15183.6	0.6659	15916.6	0.6779	16622.5	0.6667	17348.5	0.6735	18068	0.667	18794.6	0.667
18.6667	0.6011	802.283	0.6452	1518.68	0.6584	2234.23	0.6485	2956.42	0.6504	3670.1	0.667	4390	0.6637	5111.12	0.6667	5824.87	0.6884	6545.97	0.6773	7292.65	0.685	8008.1	0.6824	8724.37	0.6829	9433.57	0.6814	10149.1	0.6842	10867.3	0.6851	11589	0.69	12307	0.6831	13035.9	0.6861	13745.5	0.6818	14453.1	0.6606	15184.1	0.6712	15917.1	0.6844	16623	0.6711	17349	0.678	18068.5	0.6731	18795.1	0.6686
19.1667	0.598	802.783	0.6463	1519.18	0.6576	2234.73	0.6532	2956.92	0.6559	3670.6	0.6689	4390.5	0.6689	5111.62	0.6816	5825.37	0.6875	6546.47	0.686	7293.15	0.6903	8008.6	0.6864	8724.87	0.6864	9434.08	0.6879	10149.6	0.6937	10867.8	0.6927	11589.5	0.6952	12307.5	0.6964	13036.4	0.6919	13746	0.6877	14453.6	0.6705	15184.6	0.6772	15917.6	0.6879	16623.5	0.6735	17349.5	0.6838	18069	0.6762	18795.6	0.6758
19.6667	0.5979	803.283	0.645	1519.68	0.6557	2235.23	0.6549	2957.42	0.6515	3671.1	0.6719	4391	0.67	5112.12	0.6808	5825.87	0.6932	6546.97	0.687	7293.65	0.6915	8009.1	0.6943	8725.37	0.6887	9434.58	0.6914	10150.1	0.6978	10868.3	0.7005	11590	0.6981	12308	0.6953	13036.9	0.6974	13746.5	0.69	14454.1	0.6767	15185.1	0.6815	15918.1	0.6939	16624	0.6789	17350	0.6888	18069.5	0.6804	18796.1	0.6787
20.1667	0.5986	803.783	0.6539	1520.18	0.6632	2235.73	0.6597	2957.92	0.6568	3671.6	0.6793	4391.5	0.6749	5112.62	0.6851	5826.37	0.6981	6547.47	0.6909	7294.15	0.6981	8009.6	0.7009	8725.87	0.6929	9435.08	0.6987	10150.6	0.6997	10868.8	0.7035	11590.5	0.7031	12308.5	0.7038	13037.4	0.7027	13747	0.6973	14454.6	0.6799	15185.6	0.6865	15918.6	0.6965	16624.5	0.6834	17350.5	0.6922	18070	0.6887	18796.6	0.6849
20.6667	0.5981	804.283	0.6545	1520.68	0.6629	2236.23	0.6649	2958.42	0.6637	3672.12	0.6877	4392	0.6727	5113.12	0.6885	5826.87	0.71	6547.97	0.6996	7294.65	0.7019	8010.1	0.7021	8726.37	0.7022	9435.58	0.6992	10151.1	0.7075	10869.3	0.712	11591	0.7086	12309	0.7063	13037.9	0.7097	13747.5	0.7023	14455.1	0.6847	15186.1	0.6918	15919.1	0.7028	16625	0.6896	17351	0.7004	18070.5	0.6887	18797.2	0.6906
21.1667	0.5987	804.783	0.6557	1521.18	0.6648	2236.73	0.6631	2958.92	0.6651	3672.62	0.6826	4392.5	0.681	5113.62	0.6907	5827.37	0.7107	6548.47	0.7066	7295.15	0.7076	8010.6	0.703	8726.87	0.7066	9436.08	0.7076	10151.6	0.7139	10869.8	0.718	11591.5	0.7133	12309.5	0.7143	13038.4	0.7143	13748	0.7081	14455.6	0.6884	15186.6	0.6989	15919.6	0.7109	16625.5	0.6948	17351.5	0.7018	18071	0.6961	18797.7	0.6934
21.6667	0.5954	805.283	0.6587	1521.68	0.6686	2237.23	0.667	2959.42	0.6651	3673.12	0.6923	4393.02	0.6861	5114.12	0.6978	5827.87	0.7158	6548.98	0.7076	7295.65	0.7119	8011.1	0.7154	8727.37	0.7109	9436.58	0.7144	10152.1	0.7218	10870.3	0.7218	11592	0.7169	12310	0.7217	13038.9	0.7197	13748.5	0.7149	14456.1	0.695	15187.1	0.7032	15920.1	0.7156	16626	0.6995	17352	0.7074	18071.5	0.6984	18798.2	0.701
22.1667	0.599	805.783	0.6588	1522.18	0.6732	2237.73	0.6677	2959.92	0.6681	3673.62	0.6955	4393.52	0.6841	5114.62	0.6951	5828.37	0.7213	6549.48	0.7144	7296.15	0.7162	8011.6	0.7191	8727.87	0.7121	9437.08	0.7181	10152.6	0.7214	10870.8	0.7255	11592.5	0.7246	12310.5	0.7214	13039.4	0.7226	13749	0.7179	14456.6	0.7014	15187.6	0.709	15920.6	0.7187	16626.5	0.7021	17352.5	0.7135	18072	0.7042	18798.7	0.7062
22.6667	0.5964	806.283	0.663	1522.68	0.6708	2238.23	0.671	2960.42	0.6747	3674.12	0.6973	4394.02	0.6937	5115.12	0.701	5828.87	0.7231	6549.98	0.7171	7296.65	0.7189	8012.1	0.7225	8728.37	0.7186	9437.58	0.7213	10153.1	0.7282	10871.3	0.7317	11593	0.7285	12311	0.7271	13040	0.7282	13749.5	0.7192	14457.1	0.7073	15188.1	0.7143	15921.1	0.7259	16627	0.7074	17353	0.7158	18072.5	0.7098	18799.2	0.7087
23.1833	0.6022	806.783	0.6638	1523.18	0.676	2238.73	0.6736	2960.93	0.6771	3674.62	0.7004	4394.52	0.6917	5115.62	0.7102	5829.38	0.7293	6550.48	0.7231	7297.15	0.7255	8012.6	0.7252	8728.87	0.7274	9438.08	0.7263	10153.6	0.7384	10871.8	0.7354	11593.5	0.736	12311.5	0.732	13040.5	0.736	13750	0.7316	14457.6	0.7121	15188.6	0.7161	15921.6	0.7306	16627.5	0.715	17353.5	0.7214	18073	0.7148	18799.7	0.7118
23.6833	0.5986	807.283	0.6658	1523.68	0.6814	2239.23	0.6773	2961.43	0.6744	3675.12	0.701	4395.02	0.6985	5116.12	0.7051	5829.88	0.731	6550.98	0.7273	7297.65	0.7351	8013.1	0.7324	8729.37	0.7288	9438.58	0.7296	10154.1	0.7348	10872.3	0.7435	11594	0.734	12312	0.7336	13041	0.7389	13750.6	0.7312	14458.1	0.7144	15189.1	0.7237	15922.1	0.7321	16628	0.7193	17354	0.7272	18073.6	0.7183	18800.2	0.7171
24.1833	0.6	807.783	0.6709	1524.2	0.6833	2239.73	0.6797	2961.93	0.681	3675.62	0.7042	4395.52	0.7003	5116.62	0.7108	5830.38	0.7403	6551.48	0.7326	7298.15	0.7402	8013.6	0.7386	8729.87	0.7337	9439.08	0.7361	10154.6	0.7442	10872.8	0.7479	11594.5	0.7391	12312.5	0.74	13041.5	0.7464	13751.1	0.7411	14458.6	0.725	15189.6	0.7301	15922.6	0.7383	16628.5	0.7246	17354.5	0.7331	18074.1	0.7214	18800.7	0.7255
24.6833	0.5962	808.3	0.6684	1524.7	0.6827	2240.23	0.6815	2962.43	0.6839	3676.13	0.7038	4396.02	0.7024	5117.13	0.7184	5830.88	0.742	6551.98	0.7353	7298.65	0.7427	8014.1	0.745	8730.37	0.7431	9439.58	0.7368	10155.1	0.7521	10873.3	0.7503	11595	0.7442	12313.1	0.7517	13042	0.7501	13751.6	0.7431	14459.1	0.7268	15190.1	0.7333	15923.1	0.7428	16629	0.7259	17355	0.7358	18074.6	0.7272	18801.2	0.7283
25.1833	0.6015	808.8	0.6753	1525.2	0.6804	2240.75	0.6859	2962.93	0.6897	3676.63	0.7129	4396.52	0.7067	5117.63	0.718	5831.38	0.7488	6552.5	0.7446	7299.15	0.7423	8014.6	0.7541	8730.87	0.7481	9440.08	0.7481	10155.7	0.751	10873.8	0.7587	11595.5	0.751	12313.6	0.7526	13042.5	0.755	13752.1	0.7481	14459.6	0.7337	15190.6	0.7402	15923.6	0.7494	16629.5	0.7323	17355.5	0.743	18075.1	0.7273	18801.7	0.733
25.6833	0.6023	809.3	0.6778	1525.7	0.6879	2241.25	0.6946	2963.43	0.6893	3677.13	0.7173	4397.02	0.7071	5118.13	0.7219	5831.88	0.7513	6553	0.7479	7299.65	0.7517	8015.1	0.7578	8731.37	0.748	9440.58	0.7543	10156.2	0.7575	10874.3	0.7632	11596	0.7552	12314.1	0.7574	13043	0.7595	13752.6	0.7473	14460.1	0.7385	15191.1	0.7427	15924.1	0.7529	16630	0.7373	17356	0.7457	18075.6	0.7339	18802.2	0.7343
26.1833	0.6032	809.8	0.6736	1526.2	0.6869	2241.75	0.6881	2963.93	0.6944	3677.63	0.7199	4397.52	0.7126	5118.63	0.725	5832.38	0.7571	6553.5	0.7507	7300.15	0.7568	8015.62	0.7602	8731.87	0.7547	9441.08	0.7601	10156.7	0.7611	10874.8	0.7651	11596.5	0.7593	12314.6	0.7597	13043.5	0.7642	13753.1	0.754	14460.6	0.7442	15191.6	0.7496	15924.6	0.7592	16630.5	0.7433	17356.5	0.7493	18076.1	0.7386	18802.7	0.7425
26.6833	0.6047	810.3	0.6791	1526.7	0.6927	2242.25	0.6933	2964.43	0.6951	3678.13	0.7305	4398.02	0.7157	5119.13	0.7313	5832.88	0.7616	6554	0.7537	7300.65	0.7613	8016.12	0.7628	8732.38	0.7587	9441.58	0.7626	10157.2	0.7629	10875.3	0.7744	11597	0.7647	12315.1	0.7635	13044	0.766	13753.6	0.7583	14461.1	0.7493	15192.1	0.753	15925.1	0.7635	16631	0.7471	17357	0.7552	18076.6	0.7391	18803.2	0.7403
27.1833	0.6016	810.8	0.6791	1527.2	0.6908	2242.75	0.6875	2964.93	0.6946	3678.63	0.7297	4398.52	0.7187	5119.63	0.7323	5833.38	0.765	6554.5	0.759	7301.15	0.762	8016.62	0.7686	8732.88	0.767	9442.08	0.7638	10157.7	0.7693	10875.8	0.7759	11597.5	0.7659	12315.6	0.7649	13044.5	0.7715	13754.1	0.7617	14461.6	0.756	15192.6	0.7587	15925.6	0.7662	16631.5	0.7501	17357.5	0.7578	18077.1	0.7473	18803.7	0.7483
27.6833	0.6055	811.3	0.6798	1527.7	0.6975	2243.25	0.6974	2965.43	0.7008	3679.13	0.733	4399.02	0.7208	5120.13	0.7328	5833.88	0.7692	6555	0.7612	7301.67	0.7718	8017.12	0.7723	8733.38	0.7718	9442.58	0.7653	10158.2	0.7748	10876.3	0.7768	11598	0.7719	12316.1	0.77	13045	0.7734	13754.6	0.769	14462.1	0.7585	15193.1	0.7654	15926.1	0.774	16632	0.7558	17358	0.7618	18077.6	0.7461	18804.2	0.7503
28.1833	0.5991	811.8	0.6855	1528.2	0.6972	2243.75	0.6958	2965.93	0.7047	3679.65	0.7366	4399.52	0.7245	5120.63	0.7383	5834.38	0.7734	6555.5	0.7658	7302.17	0.7712	8017.62	0.7763	8733.88	0.7757	9443.1	0.7696	10158.7	0.778	10876.8	0.7802	11598.5	0.7742	12316.6	0.7754	13045.5	0.778	13755.1	0.7712	14462.6	0.7662	15193.6	0.7716	15926.6	0.777	16632.5	0.7592	17358.5	0.7677	18078.1	0.7533	18804.7	0.7572
28.6833	0.6003	812.3	0.6839	1528.7	0.7047	2244.27	0.6993	2966.43	0.7075	3680.15	0.7337	4400.02	0.7279	5121.15	0.7503	5834.88	0.7751	6556	0.7675	7302.67	0.777	8018.12	0.7868	8734.38	0.7811	9443.6	0.7794	10159.2	0.7888	10877.3	0.7859	11599	0.7837	12317.1	0.7793	13046	0.7819	13755.6	0.7794	14463.1	0.7753	15194.1	0.7721	15927.1	0.7794	16633	0.7621	17359	0.77	18078.6	0.7561	18805.2	0.7582
29.1833	0.6038	812.8	0.6862	1529.2	0.7001	2244.77	0.7033	2966.93	0.7037	3680.65	0.7378	4400.52	0.7253	5121.65	0.7458	5835.38	0.7795	6556.5	0.7768	7303.17	0.7829	8018.62	0.7893	8734.88	0.7795	9444.1	0.7811	10159.7	0.7843	10877.8	0.7948	11599.5	0.7839	12317.6	0.7865	13046.5	0.7862	13756.1	0.7825	14463.6	0.778	15194.6	0.7769	15927.6	0.788	16633.5	0.767	17359.5	0.7788	18079.1	0.7594	18805.7	0.7602
29.6833	0.6013	813.3	0.6875	1529.7	0.7012	2245.27	0.7026	2967.43	0.7099	3681.15	0.7411	4401.02	0.7333	5122.15	0.7516	5835.88	0.7863	6557	0.7811	7303.67	0.7889	8019.12	0.7946	8735.4	0.7858	9444.6	0.7857	10160.2	0.7867	10878.3	0.7939	11600	0.7886	12318.1	0.7889	13047	0.7926	13756.6	0.7848	14464.1	0.7863	15195.1	0.784	15928.1	0.7893	16634	0.7729	17360	0.7812	18079.6	0.7634	18806.2	0.77
30.1833	0.6041	813.8	0.6894	1530.22	0.7042	2245.77	0.7065	2967.93	0.7171	3681.65	0.7419	4401.52	0.7342	5122.65	0.7492	5836.4	0.7869	6557.5	0.7836	7304.17	0.7955	8019.62	0.7959	8735.9	0.7927	9445.1	0.7926	10160.7	0.7926	10878.9	0.7992	11600.5	0.7864	12318.6	0.7883	13047.5	0.7949	13757.1	0.7864	14464.6	0.7882	15195.6	0.7911	15928.6	0.7937	16634.5	0.7785	17360.5	0.7877	18080.1	0.7661	18806.7	0.7704
30.7	0.6015	814.3	0.6931	1530.72	0.7074	2246.27	0.711	2968.43	0.7178	3682.15	0.7459	4402.02	0.7369	5123.15	0.7595	5836.9	0.7946	6558	0.7868	7304.67	0.7947	8020.12	0.8014	8736.4	0.8006	9445.6	0.7938	10161.2	0.7938	10879.4	0.8039	11601	0.7945	12319.1	0.7977	13048	0.8011	13757.6	0.7908	14465.1	0.798	15196.1	0.7914	15929.1	0.7968	16635	0.7819	17361	0.7906	18080.6	0.7696	18807.2	0.7747
31.2	0.6012	814.8	0.692	1531.22	0.7077	2246.77	0.7141	2968.95	0.7218	3682.65	0.7512	4402.53	0.7405	5123.65	0.7617	5837.4	0.7922	6558.5	0.7938	7305.17	0.7965					9446.1	0.794	10161.7	0.8058			11601.5	0.7947	12319.6	0.803			13758.1	0.7902	14465.6	0.8003	15196.6	0.7979	15929.6	0.8004	16635.5	0.7859	17361.5	0.7933	18081.1	0.7728	18807.7	0.7769
31.7	0.6055	815.3	0.6953	1531.72	0.7129	2247.27	0.7103	2969.45	0.7206	3683.15	0.7524	4403.03	0.7424	5124.15	0.7661	5837.9	0.7974	6559	0.7984	7305.67	0.8042					9446.6	0.8052					11602	0.8035					13758.6	0.7984			15197.1	0.8031			16636	0.7894	17362	0.8003	18081.6	0.7791	18808.2	0.7802
32.2	0.6043	815.8	0.695	1532.22	0.7122	2247.77	0.7171	2969.95	0.723	3683.65	0.7563	4403.53	0.7475	5124.65	0.7658	5838.4	0.8041	6559.5	0.8006																			13759.1	0.8062							16636.5	0.7945			18082.1	0.781	18808.7	0.7861
32.7	0.6046	816.317	0.698	1532.72	0.7175	2248.27	0.7248	2970.45	0.7293	3684.15	0.7575	4404.03	0.749	5125.15	0.7711																															16637	0.7968			18082.6	0.7834	18809.2	0.7893
33.2	0.602	816.817	0.7	1533.22	0.7204	2248.77	0.7222	2970.95	0.7338	3684.65	0.762	4404.53	0.7537	5125.65	0.769																															16637.5	0.8002			18083.1	0.7885	18809.7	0.7938
33.7	0.6031	817.317	0.7046	1533.72	0.7191	2249.28	0.7218	2971.45	0.7324	3685.15	0.7665	4405.03	0.7562	5126.15	0.7752																																			18083.6	0.7923	18810.2	0.7993
34.2	0.6052	817.817	0.7027	1534.22	0.7225	2249.78	0.7266	2971.95	0.7346	3685.65	0.7658	4405.53	0.7583	5126.65	0.7765																																			18084.1	0.7968	18810.7	0.8026
34.7	0.602	818.317	0.7002	1534.72	0.7187	2250.28	0.7246	2972.45	0.7379	3686.17	0.7715	4406.03	0.7632	5127.17	0.7845																																			18084.6	0.7999		
35.2	0.6037	818.817	0.7053	1535.22	0.7282	2250.78	0.7283	2972.95	0.7425	3686.67	0.7705	4406.53	0.7632	5127.67	0.7882																																			18085.1	0.7986		
35.7	0.6042	819.317	0.7086	1535.73	0.7313	2251.28	0.7313	2973.45	0.7448	3687.17	0.7753	4407.03	0.767	5128.17	0.795																																			18085.6	0.8086		
36.2	0.6063	819.817	0.7042	1536.23	0.7333	2251.78	0.7322	2973.95	0.7469	3687.67	0.7842	4407.53	0.7733	5128.67	0.7932																																						
36.7	0.6033	820.317	0.7151	1536.73	0.7338	2252.28	0.742	2974.45	0.7508	3688.17	0.7832	4408.03	0.7728	5129.17	0.7987																																						
37.2	0.6048	820.817	0.7126	1537.23	0.7322	2252.78	0.7381	2974.95	0.7574	3688.67	0.7895	4408.53	0.7745	5129.67	0.7989																																						
37.7	0.6084	821.317	0.712	1537.73	0.7412	2253.28	0.7442	2975.45	0.7541	3689.17	0.7924	4409.03	0.7875	5130.17	0.8083																																						
38.2	0.6084	821.817	0.7169	1538.23	0.7479	2253.78	0.7463	2975.95	0.7581	3689.67	0.7921	4409.53	0.7822																																								
38.7167	0.6063	822.317	0.7179	1538.73	0.7462	2254.28	0.7446	2976.47	0.7607	3690.17	0.8002	4410.03	0.7884																																								
39.2167	0.608	822.817	0.7138	1539.23	0.7472	2254.78	0.7512	2976.97	0.7633			4410.53	0.7921																																								
39.7167	0.6035	823.317	0.7235	1539.73	0.751	2255.28	0.753	2977.47	0.7655			4411.05	0.794																																								
40.2167	0.606	823.817	0.7233	1540.23	0.7489	2255.78	0.7544	2977.97	0.7681			4411.55	0.7919																																								
40.7167	0.6071	824.333	0.7246	1540.73	0.7583	2256.28	0.7623	2978.47	0.7704			4412.05	0.798																																								
41.2167	0.608	824.833	0.7315	1541.23	0.7566	2256.8	0.76	2978.97	0.7741			4412.55	0.8016																																								
41.7167	0.609	825.333	0.7302	1541.73	0.7637	2257.3	0.7661	2979.47	0.776																																												
42.2167	0.6082	825.833	0.73	1542.23	0.7584	2257.8	0.7636	2979.97	0.7804																																												
42.7167	0.6089	826.333	0.7378	1542.73	0.7646	2258.3	0.7668	2980.47	0.7817																																												
43.2167	0.61	826.833	0.734	1543.23	0.767	2258.8	0.7725	2980.98	0.7874																																												
43.7167	0.6098	827.333	0.7351	1543.73	0.7701	2259.3	0.7745	2981.48	0.7854																																												
44.2167	0.6088	827.833	0.7399	1544.23	0.7708	2259.8	0.7729	2981.98	0.7948																																												
44.7167	0.6111	828.333	0.7394	1544.75	0.7754	2260.3	0.778	2982.48	0.7941																																												
45.2167	0.6126	828.833	0.7402	1545.25	0.7783	2260.8	0.7827	2982.98	0.7959																																												
45.7167	0.6116	829.333	0.7418	1545.75	0.7826	2261.3	0.7831	2983.48	0.8011																																												
46.2167	0.6114	829.833	0.7453	1546.25	0.7832	2261.8	0.7832																																														
46.7333	0.609	830.333	0.7487	1546.75	0.7817	2262.3	0.7888																																														
47.2333	0.6102	830.833	0.7489	1547.25	0.7859	2262.8	0.7931																																														
47.7333	0.6154	831.333	0.7554	1547.75	0.7872	2263.3	0.7918																																														
48.2333	0.6111	831.85	0.7573	1548.25	0.7908	2263.82	0.796																																														
48.7333	0.61	832.35	0.7528	1548.77	0.7946	2264.32	0.7955																																														
49.2333	0.6112	832.85	0.7631	1549.27	0.794	2264.82	0.806																																														
49.7333	0.6145	833.35	0.7622	1549.77	0.8004																																																
50.2333	0.6137	833.85	0.7653																																																		
50.7333	0.618	834.35	0.7645																																																		
51.2333	0.615	834.85	0.7655																																																		
51.7333	0.6186	835.35	0.7743																																																		
52.2333	0.6184	835.85	0.7732																																																		
52.7333	0.6218	836.35	0.7787																																																		
53.2333	0.6146	836.85	0.7718																																																		
53.7333	0.619	837.35	0.7784																																																		
54.2333	0.618	837.85	0.7825																																																		
54.7333	0.6175	838.35	0.7848																																																		
55.25	0.6189	838.867	0.7841																																																		
55.75	0.619	839.367	0.7922																																																		
56.25	0.6216	839.867	0.7903																																																		
56.75	0.6241	840.367	0.7942																																																		
57.25	0.6242	840.867	0.7949																																																		
57.75	0.6232	841.367	0.7963																																																		
58.25	0.6273	841.867	0.8																																																		
58.75	0.6223																																																				
59.25	0.6256																																																				
59.75	0.6243																																																				
60.25	0.625																																																				
60.75	0.6235																																																				
61.25	0.6281																																																				
61.75	0.6304																																																				
62.25	0.6262																																																				
62.75	0.6251																																																				
63.25	0.6277																																																				
63.75	0.6284																																																				
64.2667	0.6303																																																				
64.7667	0.6319																																																				
65.2667	0.6347																																																				
65.7667	0.6293																																																				
66.2667	0.6309																																																				
66.7667	0.6333																																																				
67.2667	0.6356																																																				
67.7667	0.6378																																																				
68.2667	0.6343																																																				
68.7667	0.6344																																																				
69.2667	0.6359																																																				
69.7667	0.6361																																																				
70.2667	0.6369																																																				
70.7667	0.6357																																																				
71.2667	0.6352																																																				
71.7667	0.6371																																																				
72.2667	0.6414																																																				
72.7667	0.6401																																																				
73.2667	0.6447																																																				
73.7833	0.643																																																				
74.2833	0.6421																																																				
74.7833	0.6437																																																				
75.2833	0.6402																																																				
75.7833	0.6461																																																				
76.2833	0.6421																																																				
76.7833	0.6453																																																				
77.2833	0.6442																																																				
77.7833	0.6493																																																				
78.2833	0.6486																																																				
78.7833	0.6471																																																				
79.2833	0.6439																																																				
79.7833	0.6472																																																				
80.2833	0.6501																																																				
80.7833	0.6463																																																				
81.2833	0.6513																																																				
81.7833	0.6549																																																				
82.3	0.6509																																																				
82.8	0.6553																																																				
83.3	0.6527																																																				
83.8	0.6571																																																				
84.3	0.6559																																																				
84.8	0.6581																																																				
85.3	0.6557																																																				
85.8	0.6595																																																				
86.3	0.6591																																																				
86.8	0.6568																																																				
87.3	0.6598																																																				
87.8	0.6621																																																				
88.3	0.6594																																																				
88.8	0.6626																																																				
89.3167	0.6646																																																				
89.8167	0.6624																																																				
90.3167	0.6632																																																				
90.8167	0.666																																																				
91.3167	0.6667																																																				
91.8167	0.6631																																																				
92.3167	0.669																																																				
92.8333	0.6669																																																				
93.3333	0.6677																																																				
93.8333	0.6699																																																				
94.3333	0.6706																																																				
94.8333	0.6732																																																				
95.3333	0.6739																																																				
95.8333	0.6706																																																				
96.3333	0.6718																																																				
96.8333	0.6702																																																				
97.3333	0.6739																																																				
97.8333	0.6773																																																				
98.3333	0.6761																																																				
98.8333	0.6777																																																				
99.3333	0.6764																																																				
99.8333	0.6804																																																				
100.333	0.6774																																																				
100.85	0.6779																																																				
101.35	0.6791																																																				
101.867	0.68																																																				
102.383	0.6822																																																				
102.9	0.6811																																																				
103.4	0.68																																																				
103.9	0.6837																																																				
104.4	0.684																																																				
104.9	0.6864																																																				
105.4	0.6852																																																				
105.9	0.6871																																																				
106.4	0.6866																																																				
106.9	0.6849																																																				
107.4	0.6869																																																				
107.917	0.6896																																																				
108.417	0.6878																																																				
108.917	0.6888																																																				
109.417	0.6916																																																				
109.917	0.693																																																				
110.417	0.6883																																																				
110.917	0.6929																																																				
111.433	0.6925																																																				
111.933	0.6941																																																				
112.433	0.6975																																																				
112.933	0.6961																																																				
113.433	0.6958																																																				
113.933	0.6964																																																				
114.45	0.6992																																																				
114.95	0.6967																																																				
115.45	0.701																																																				
115.95	0.7011																																																				
116.45	0.6993																																																				
116.95	0.7011																																																				
117.45	0.7011																																																				
117.95	0.7041																																																				
118.45	0.6999																																																				
118.95	0.7039																																																				
119.45	0.7056																																																				
119.95	0.7046																																																				
120.45	0.7094																																																				
120.967	0.7066																																																				
121.467	0.7108																																																				
121.967	0.7111																																																				
122.467	0.7112																																																				
122.967	0.713																																																				
123.467	0.7123																																																				
123.967	0.713																																																				
124.467	0.7116																																																				
124.967	0.715																																																				
125.467	0.7184																																																				
125.967	0.7184																																																				
126.467	0.7246																																																				
126.967	0.7182																																																				
127.467	0.7192																																																				
127.967	0.7192																																																				
128.467	0.7171																																																				
128.983	0.7245																																																				
129.483	0.7181																																																				
129.983	0.7229																																																				
130.483	0.7224																																																				
130.983	0.725																																																				
131.483	0.7224																																																				
131.983	0.7279																																																				
132.483	0.7257																																																				
132.983	0.7281																																																				
133.483	0.7302																																																				
133.983	0.7309																																																				
134.483	0.7279																																																				
134.983	0.7295																																																				
135.483	0.7322																																																				
135.983	0.7336																																																				
136.483	0.7382																																																				
136.983	0.7349																																																				
137.483	0.7322																																																				
138	0.733																																																				
138.5	0.7356																																																				
139	0.7373																																																				
139.5	0.7358																																																				
140	0.7389																																																				
140.5	0.7383																																																				
141	0.7423																																																				
141.5	0.742																																																				
142	0.7406																																																				
142.5	0.7402																																																				
143.017	0.743																																																				
143.517	0.7413																																																				
144.017	0.7438																																																				
144.517	0.7463																																																				
145.017	0.7442																																																				
145.517	0.7488																																																				
146.017	0.7494																																																				
146.517	0.7444																																																				
147.017	0.7511																																																				
147.533	0.7503																																																				
148.033	0.7531																																																				
148.533	0.7514																																																				
149.033	0.7521																																																				
149.533	0.7549																																																				
150.033	0.7556																																																				
150.533	0.7589																																																				
151.033	0.7564																																																				
151.533	0.7598																																																				
152.033	0.7617																																																				
152.533	0.7629																																																				
153.033	0.7601																																																				
153.533	0.763																																																				
154.033	0.7656																																																				
154.533	0.767																																																				
155.033	0.7679																																																				
155.533	0.7664																																																				
156.033	0.7652																																																				
156.55	0.7675																																																				
157.05	0.7677																																																				
157.55	0.7691																																																				
158.05	0.7741																																																				
158.55	0.7731																																																				
159.05	0.7716																																																				
159.55	0.7778																																																				
160.05	0.7771																																																				
160.55	0.7762																																																				
161.05	0.7784																																																				
161.55	0.7772																																																				
162.05	0.7761																																																				
162.55	0.7787																																																				
163.05	0.7845																																																				
163.55	0.7802																																																				
164.05	0.7846																																																				
164.567	0.7827																																																				
165.067	0.7893																																																				
165.567	0.7817																																																				
166.067	0.7851																																																				
166.567	0.7917																																																				
167.067	0.7878																																																				
167.567	0.7906																																																				
168.067	0.791																																																				
168.567	0.7921																																																				
169.067	0.793																																																				
169.567	0.7994																																																				
170.067	0.7981																																																				
170.567	0.7925																																																				
171.067	0.7995																																																				
171.567	0.8005																																																				